15235662 15786187
82063 893334
17513267 14528929
2565354 11637052
475379 8191464
478866 17805436
2442838 5308286
12860874 16564325
807975 5046251
11524178 7616629
14814829 18703561
10757731 5490630
14873877 4407966
11490821 5097938
10445879 8311925
6619372 4183732
8084750 16046480
19341550 3850763
9691222 6055690
6964140 16220214
11979221 8300947
5687742 13138450
6020016 10914181
5876796 5878008
11639640 4778688
2528690 8503632
8853938 14173476
13306394 13013821
18092956 2233286
14660631 5352399
2854194 7451698
13598592 2877637
15272677 19037448
16121819 10012051
15363291 13607928
1471089 504359
12345098 11065882
4097935 1755704
5400157 1385390
14918960 10367332
5015362 2410762
11035879 18688405
5433851 19079027
17329082 3346677
6927933 12826002
359563 6294276
1922565 6649400
6728194 17650014
12906730 13387500
8042448 11142284
3559931 15978226
8579646 15566569
